533 230 492 430 436 480 777 74 468 293
216 100 27 702 42 416 87 667 307 386
69 219 703 217 528 104 379 460 316 224
525 586 228 683 10 40 640 562 119 797
780 691 327 99 405 602 345 678 617 78
56 73 579 407 59 252 415 74 446 227
689 604 754 644 362 624 74 554 30 156
459 793 587 781 364 389 774 329 466 680
285 374 505 53 77 167 743 289 594 422
642 140 64 175 479 542 349 123 168 531
562 40 683 640 119 797 586 3 228 525
582 665 745 469 232 371 508 449 559 187
518 333 643 684 123 479 175 64 642 349
786 482 370 570 544 555 26 33 590 584
483 144 276 274 632 259 93 435 414 540
346 101 622 538 761 401 793 466 657 7
451 417 432 303 295 418 388 151 752 468
531 542 9 642 140 349 479 175 64 168
651 256 690 601 207 299 191 476 614 229
444 534 97 25 328 516 376 189 205 548
638 572 537 128 787 245 760 397 125 457
712 199 649 155 699 61 620 535 302 22
302 450 181 84 442 727 440 71 164 344
24 193 725 118 120 693 740 126 220 198
193 23 120 725 118 740 693 126 637 212
328 19 444 534 97 189 516 376 205 548
33 590 555 91 655 762 544 482 786 370
702 216 667 416 1 42 307 87 100 552
62 799 300 222 536 143 138 565 773 34
766 701 728 88 116 741 573 608 527 744
756 624 362 604 74 689 554 301 754 644
785 149 713 441 619 464 94 714 696 210
759 240 789 606 452 233 139 529 601 690
26 590 555 91 655 762 544 570 370 482
565 51 773 541 596 595 799 222 143 62
509 159 206 386 348 434 349 702 216 1
738 798 409 254 70 726 784 290 504 716
46 526 297 351 306 174 89 561 170 631
507 420 396 757 636 645 408 162 510 263
317 748 447 252 484 446 52 746 43 73
683 797 562 10 640 119 586 228 3 525
272 739 281 476 200 601 191 299 207 614
702 87 307 216 27 1 667 416 100 386
746 553 106 57 264 589 378 141 411 465
179 98 426 556 342 521 318 546 538 358
63 315 117 202 399 185 513 393 269 223
37 526 351 297 306 174 89 392 561 237
669 705 225 591 438 182 475 794 185 186
316 217 224 491 460 104 69 379 703 219
623 233 266 313 203 709 271 291 332 204
616 445 707 467 178 79 341 119 797 562
595 541 34 596 565 799 773 300 62 222
252 484 446 133 369 357 203 393 623 223
505 285 8 374 167 594 289 77 743 422
463 312 282 698 557 189 476 534 97 191
250 262 646 268 325 403 355 488 365 184
5 73 579 59 407 446 52 252 139 149
106 768 687 264 378 411 465 141 589 682
571 243 337 195 577 530 659 663 161 421
73 579 407 56 5 52 446 252 484 227
150 630 593 529 452 457 323 337 572 775
535 710 21 199 699 649 712 155 380 302
541 143 595 138 799 28 51 34 565 596
45 117 399 315 185 513 202 393 269 618
175 123 479 642 9 168 349 542 140 531
574 165 424 105 477 796 298 583 473 278
776 324 567 486 733 294 765 423 387 429
92 253 68 410 132 314 620 769 746 553
92 769 67 253 132 410 314 620 553 746
703 528 219 217 2 379 224 104 316 460
784 395 779 716 798 36 409 290 677 726
84 108 110 442 164 519 440 344 727 181
747 234 231 281 272 191 739 476 601 690
579 59 5 407 56 252 446 484 52 415
554 362 624 156 756 301 604 30 689 644
563 550 626 283 558 257 211 648 730 187
330 731 520 275 428 213 242 474 151 694
285 8 374 594 422 167 289 505 53 743
678 617 602 345 405 99 691 327 780 4
467 445 707 178 616 341 50 3 640 119
697 628 402 145 235 672 498 471 381 499
406 732 592 247 597 737 280 677 549 580
552 654 334 729 384 511 702 42 216 752
717 456 172 679 361 134 147 244 666 611
442 71 440 108 519 110 727 344 164 450
675 354 359 615 367 337 151 752 191 577
176 708 720 763 788 791 597 732 503 273
100 702 42 416 307 667 27 216 1 355
116 766 701 29 728 331 573 741 608 394
174 351 297 306 526 46 37 466 372 170
277 148 657 124 136 114 782 380 676 394
590 555 33 26 762 655 544 570 482 370
68 67 253 314 410 132 769 620 746 553
435 284 767 685 139 14 274 144 483 259
619 713 714 441 464 742 347 31 149 785
686 248 609 153 173 671 389 459 364 587
355 413 365 448 184 268 325 250 55 403
534 444 189 328 19 25 376 205 516 548
44 179 426 521 318 342 556 546 358 624
602 780 405 4 691 327 345 617 78 678
87 416 1 216 307 27 667 702 42 348
15 622 346 538 401 761 466 793 657 124
196 152 443 249 658 258 166 656 194 721
360 437 180 593 234 630 231 747 72 284
224 217 316 69 48 219 460 379 528 2
477 65 165 574 424 796 298 583 706 473
57 378 141 264 589 682 411 768 465 687
771 352 758 681 154 309 662 391 236 229
442 440 519 344 71 84 727 164 110 450
734 575 390 605 770 599 415 427 775 639
519 164 344 71 108 440 442 84 727 450
744 527 608 331 573 701 766 728 116 741
146 569 363 310 372 237 561 613 308 163
356 304 373 470 494 223 735 269 393 618
124 148 657 136 782 90 277 480 554 691
375 197 336 600 514 772 218 568 201 121
88 728 766 701 29 573 331 608 741 394
63 45 399 315 202 185 513 47 269 393
120 740 23 725 693 24 193 126 220 198
640 562 797 10 40 228 683 586 525 3
193 24 118 740 725 23 693 126 637 135
485 600 336 375 704 115 772 251 568 296
752 694 151 458 474 275 337 213 193 659
479 64 642 175 168 9 349 542 140 531
148 114 657 136 782 277 90 480 190 543
245 397 787 760 20 638 572 537 457 128
637 212 506 135 198 220 193 24 120 23
589 264 411 378 141 687 465 682 768 106
537 572 20 638 787 760 397 245 125 457
468 777 480 189 97 534 687 465 141 264
321 462 598 393 223 269 735 618 664 383
503 273 578 732 597 247 549 81 726 677
410 253 67 92 68 620 769 314 746 553
446 52 484 252 357 369 641 349 542 189
679 172 611 361 717 147 666 718 241 456
212 637 506 126 198 220 561 193 24 120
782 124 657 277 148 114 90 380 676 190
515 292 157 454 336 600 121 251 201 485
143 62 541 300 799 222 565 51 595 596
284 685 767 93 435 9 175 642 542 531
9 642 349 64 542 175 531 123 479 168
378 264 411 589 106 127 682 57 687 465
490 736 653 147 361 718 172 456 83 666
138 222 300 62 799 536 541 773 34 51
14 632 274 276 259 483 93 435 793 466
80 402 697 628 235 672 381 471 498 499
112 363 569 310 237 129 468 372 480 613
361 717 679 172 718 456 134 343 666 611
124 657 90 114 136 277 782 480 190 543
713 441 31 210 785 714 696 347 619 742
60 630 593 529 452 323 457 779 337 775
752 458 694 122 474 275 213 193 337 178
443 102 196 166 258 658 249 721 783 194
173 671 686 95 609 248 459 7 587 793
681 391 309 662 758 771 352 107 236 229
712 649 21 199 699 61 535 189 302 643
301 756 74 554 624 362 604 644 754 689
292 454 515 137 115 375 772 704 121 600
332 688 171 661 496 49 750 266 313 233
386 35 206 509 348 434 216 643 554 123
171 49 724 233 204 266 271 332 641 412
366 421 566 753 358 477 337 165 424 65
408 645 636 396 420 507 757 38 625 456
372 237 715 308 631 170 613 398 392 561
519 344 110 108 71 440 84 442 727 450
424 65 574 105 477 298 796 583 473 706
658 258 249 443 152 102 196 721 194 656
505 8 77 374 53 285 289 743 594 422
64 123 349 479 175 642 9 542 140 531
524 260 208 226 120 116 770 88 575 589
631 613 715 372 237 163 308 561 398 517
332 158 661 496 49 266 688 750 233 160
717 361 679 134 147 666 456 611 718 241
153 671 95 609 686 248 459 7 587 793
306 351 89 297 526 46 37 466 715 372
64 479 123 642 9 542 168 349 140 531
720 86 708 788 763 791 597 732 726 273
711 660 531 542 642 17 168 123 64 349
341 467 707 79 445 119 640 40 50 797
44 98 426 342 521 556 318 546 358 538
437 360 103 601 747 229 690 207 191 476
450 302 442 440 84 71 22 727 164 108
438 591 47 225 794 669 705 475 186 185
353 400 389 466 781 7 774 793 364 459
413 325 268 646 365 96 355 448 403 488
315 399 513 202 117 63 45 47 669 705
591 475 669 225 438 182 47 705 794 185
730 626 75 550 795 257 563 648 211 283
293 335 368 215 751 576 431 48 501 217
534 97 444 328 205 376 19 25 516 548
543 676 439 255 263 778 559 673 629 380
614 207 200 299 690 476 229 601 256 18
436 633 430 368 215 335 48 293 230 188
24 23 120 725 693 118 740 126 637 212
721 152 443 166 258 783 658 102 656 196
337 577 659 663 530 243 571 58 161 366
102 152 658 443 166 249 258 656 194 721
115 336 375 772 296 201 600 121 218 514
220 506 126 135 637 212 561 23 398 193
712 649 21 155 699 61 302 535 22 643
299 614 191 207 476 229 690 601 256 18
218 115 514 568 336 197 600 375 121 251
315 399 117 45 185 63 513 47 225 591
623 709 49 412 724 291 266 233 313 750
49 266 313 171 233 160 158 271 641 332
516 189 534 19 376 328 97 25 444 548
386 509 35 159 348 434 554 216 74 349
191 614 200 299 690 229 476 601 256 18
524 169 260 226 214 573 608 517 770 88
792 581 539 382 497 453 468 463 312 282
696 347 785 464 441 713 742 149 714 94
558 795 75 648 563 257 550 626 730 283
506 135 637 126 220 198 561 193 24 120
275 428 731 76 330 520 474 151 752 458
517 723 392 398 561 749 269 618 735 223
368 335 293 188 751 576 430 501 585 431
1 27 42 100 702 667 307 416 87 386
48 316 224 104 69 528 2 219 379 703
514 568 115 201 375 336 197 251 772 704
528 69 2 703 217 379 104 224 316 491
198 212 126 135 506 637 561 23 24 193
290 419 691 74 78 554 780 156 386 405
799 143 536 34 138 300 51 773 565 28
393 321 735 269 664 618 383 598 130 560
316 104 48 217 69 379 491 460 219 528
591 669 705 47 438 182 475 186 794 202
169 260 208 524 770 734 605 88 116 693
279 419 780 691 4 405 99 327 602 345
586 525 562 119 3 640 40 10 683 797
476 601 207 614 200 191 299 690 256 18
492 533 0 480 430 468 129 777 192 436
747 234 72 281 437 180 41 360 739 272
371 508 469 11 665 745 449 582 559 510
49 266 313 623 203 641 291 171 271 709
747 72 231 281 437 739 41 180 272 191
499 672 498 265 381 471 697 80 628 145
758 154 681 391 309 107 771 662 352 229
372 163 715 308 613 631 170 561 398 392
670 635 621 652 187 430 275 626 406 730
288 500 512 472 270 350 523 242 731 474
32 606 759 789 452 233 139 313 466 203
134 361 679 611 172 666 456 717 147 718
500 270 350 472 239 288 512 523 731 213
571 58 663 195 337 659 577 530 421 366
83 147 134 456 718 361 611 717 241 343
125 397 787 760 20 638 572 457 537 128
461 627 603 588 790 695 305 634 286 466
597 732 549 273 503 131 578 81 406 592
686 95 609 153 671 173 774 459 364 389
258 658 166 102 152 196 443 656 721 783
55 646 268 355 262 325 403 488 184 96
704 568 485 375 600 772 115 121 514 201
52 446 484 133 369 357 223 407 393 203
410 132 67 92 68 620 314 769 553 746
738 36 798 409 70 784 290 580 406 716
559 510 778 625 263 439 629 551 673 190
690 191 207 18 614 601 651 200 299 476
563 558 550 648 283 75 730 795 211 626
249 166 658 152 102 443 196 721 194 783
274 632 276 144 483 14 793 587 459 93
169 524 226 208 701 723 728 88 23 214
639 764 287 338 319 339 668 674 775 751
55 646 250 325 403 268 488 184 96 365
629 625 510 673 551 255 439 559 778 676
411 141 378 589 127 106 682 57 687 465
471 498 381 672 235 499 145 80 697 402
313 49 233 291 623 203 709 271 641 204
540 414 65 105 424 574 165 477 278 583
325 403 646 184 55 250 355 413 262 96
735 393 223 383 664 618 321 598 462 130
472 350 239 500 242 288 512 523 520 731
49 641 266 313 709 412 291 233 623 171
41 739 281 72 476 191 207 200 601 229
503 131 578 732 597 247 549 81 677 726
632 259 276 144 483 14 93 435 793 459
428 213 520 76 731 330 474 151 752 458
483 274 259 14 632 144 93 435 414 540
90 136 124 782 148 657 114 380 676 543
610 796 473 320 706 298 650 545 583 574
227 419 780 4 99 691 327 405 602 345
406 81 592 737 677 726 580 597 504 732
739 272 41 234 747 72 476 191 207 229
312 463 54 698 189 299 191 476 200 207
550 563 75 648 257 795 730 558 626 211
685 767 139 93 435 642 9 479 175 531
8 505 53 77 374 594 289 167 422 743
695 634 790 588 305 603 627 246 461 580
764 639 261 319 668 338 339 674 775 335
239 500 512 523 270 472 350 242 474 421
594 743 285 422 8 505 77 167 53 374
608 691 798 744 111 527 617 678 726 70
313 709 623 266 203 49 233 496 724 412
157 454 515 137 600 121 336 485 115 251
188 335 368 215 751 576 48 491 316 431
567 429 486 423 387 324 733 765 776 66
303 417 418 16 451 432 388 136 151 752
336 197 600 121 772 115 692 485 568 201
351 306 174 526 89 46 37 715 372 237
796 706 610 278 473 545 650 320 574 583
200 614 191 207 476 690 229 601 256 18
143 799 536 138 595 51 222 565 62 28
156 756 74 624 554 362 604 644 30 689
22 450 181 84 440 442 164 727 344 71
417 432 418 295 388 16 451 122 752 151
356 113 470 373 494 269 393 735 664 223
588 790 695 603 286 634 627 461 246 358
351 174 297 89 526 46 37 466 774 389
667 702 42 87 27 100 416 216 1 654
372 237 163 715 631 613 170 398 561 392
758 154 681 771 352 662 107 391 236 229
363 569 146 112 237 372 220 480 468 129
478 505 53 374 285 167 8 743 422 594
282 54 463 698 189 299 200 690 614 191
266 291 233 49 709 623 203 271 412 641
92 253 67 68 620 410 132 769 746 43
202 185 45 399 117 63 513 47 669 705
224 48 217 104 491 379 460 69 528 219
39 748 447 252 446 484 52 746 43 553
556 521 98 179 44 342 426 546 435 93
668 339 287 764 639 261 338 775 674 368
650 545 278 473 610 706 796 298 583 574
130 462 598 223 393 269 664 618 735 383
425 489 522 340 495 700 612 380 779 784
452 529 457 150 630 593 60 537 572 20
66 776 567 294 733 423 486 765 387 429
268 403 646 184 250 55 355 262 413 488
2 104 217 316 377 219 528 69 224 460
691 4 780 99 602 405 78 617 678 345
25 97 444 534 376 19 189 205 516 548
680 793 781 466 459 7 587 364 774 389
76 731 520 275 428 213 242 474 270 472
608 111 744 527 741 573 88 394 116 766
171 158 661 49 688 750 496 266 313 233
12 684 643 518 642 479 123 175 64 349
384 654 82 552 729 511 702 122 752 151
368 215 293 188 751 576 430 501 48 585
115 197 600 772 692 375 121 296 568 485
659 195 530 577 663 243 571 58 366 161
764 287 639 261 319 339 668 188 335 293
668 319 764 287 639 261 338 775 674 368
522 322 489 425 700 495 612 380 426 187
178 467 707 79 640 119 445 40 683 797
179 521 44 98 556 426 318 546 358 366
666 679 456 147 718 361 717 134 611 172
519 164 110 108 442 71 440 727 84 450
405 780 602 78 99 691 617 4 678 327
15 538 101 622 466 793 401 761 124 151
464 742 210 441 696 785 714 94 149 713
386 159 35 206 434 509 216 1 702 393
642 542 168 9 123 479 64 175 140 531
270 472 239 500 242 288 512 523 731 474
306 174 297 89 526 46 37 774 466 364
771 107 758 681 154 309 662 391 236 229
183 400 389 466 781 7 793 774 364 459
359 85 675 367 615 337 577 530 151 752
448 96 365 184 413 250 325 268 55 403
304 113 470 373 494 269 393 223 735 618
369 133 446 484 252 52 407 756 189 227
161 566 421 753 366 477 65 424 574 165
354 675 85 367 615 337 195 577 151 530
437 103 180 231 593 747 234 630 72 64
717 147 679 172 666 134 456 611 718 241
624 74 554 604 30 156 301 6 756 689
310 146 112 569 237 129 468 372 628 697
781 389 7 587 680 459 329 774 793 466
413 96 184 355 448 55 268 262 646 325
421 161 753 566 358 105 477 65 337 165
354 615 675 359 85 337 577 663 530 659
335 215 293 188 751 576 430 436 48 501
357 133 252 446 484 52 233 349 189 407
570 544 482 13 786 555 33 26 584 590
232 469 665 449 508 11 745 582 559 263
237 163 308 715 631 170 613 398 561 392
470 494 113 304 356 383 269 735 141 664
8 77 285 505 743 167 53 289 594 422
115 772 704 197 336 514 485 121 218 251
328 444 189 19 97 516 25 205 534 548
674 217 316 219 69 224 528 104 2 703
141 589 264 411 106 127 682 57 768 687
528 69 703 217 316 219 224 104 2 48
676 543 190 277 136 263 255 778 439 782
471 265 498 672 235 499 80 145 402 697
539 581 209 792 453 497 463 468 129 380
735 269 393 664 223 618 560 321 598 462
334 654 729 552 82 511 702 42 122 307
718 134 172 456 679 611 147 361 241 717
348 206 159 35 434 509 216 1 702 9
765 486 294 429 567 733 423 324 66 776
303 451 16 432 418 417 295 122 151 752
587 793 364 781 774 7 459 466 329 680
109 575 734 605 770 427 415 599 169 775
662 154 681 758 309 352 771 107 236 614
398 561 749 517 723 214 741 527 111 126
223 269 664 321 735 598 618 383 130 462
331 88 116 766 608 741 29 573 744 111
784 779 716 70 409 798 677 726 738 36
645 420 38 636 757 507 162 408 255 778
245 125 787 760 457 20 537 572 638 128
561 517 392 749 723 214 198 527 506 111
202 315 117 63 185 513 45 794 47 393
183 353 389 781 364 466 7 774 793 680
761 719 753 421 366 663 243 571 577 538
80 145 697 628 235 647 498 672 471 381
325 268 646 184 488 250 55 262 355 413
607 433 493 455 199 769 329 221 410 132
780 345 99 691 4 602 327 78 617 678
592 677 580 726 737 81 280 504 732 247
73 59 579 5 56 252 446 52 369 484
162 636 757 645 38 396 507 420 717 679
798 738 36 395 254 70 677 784 779 716
132 253 67 92 68 620 314 769 746 553
264 589 141 378 127 682 106 57 687 465
203 623 709 49 313 271 291 724 266 233
184 365 96 355 448 268 325 403 55 250
540 267 424 165 139 105 65 574 435 583
751 290 575 734 770 639 407 261 82 284
100 87 27 667 307 1 216 702 42 552
303 432 418 16 295 451 388 752 122 151
432 303 417 295 16 451 388 151 752 213
279 227 691 327 780 78 99 602 345 405
396 38 645 162 757 636 507 408 255 673
366 161 566 753 358 477 105 65 337 165
594 77 289 285 8 743 53 167 505 374
429 733 567 294 486 765 387 324 776 66
165 574 65 105 477 298 796 583 610 706
489 522 322 340 495 612 700 779 784 380
98 179 44 546 521 556 342 318 624 554
599 775 481 639 764 287 319 261 338 339
275 213 520 76 731 330 474 151 752 458
423 294 567 486 387 733 765 324 776 66
436 633 192 368 335 215 293 188 576 48
585 564 501 751 576 293 188 368 335 215
417 418 303 16 451 295 388 752 122 151
404 607 493 455 699 561 465 687 769 79
386 35 348 509 206 159 216 130 1 321
93 767 284 139 685 14 144 274 259 483
430 633 192 368 335 215 293 188 576 48
360 180 103 747 72 231 234 175 593 64
182 225 47 591 669 705 186 475 794 185
629 255 263 510 778 559 625 673 551 190
442 108 84 71 110 519 164 344 727 181
347 696 742 464 714 210 149 619 94 785
440 108 84 71 727 110 344 519 164 181
152 102 166 196 258 658 249 783 721 194
97 19 534 328 189 25 376 516 205 548
50 79 707 616 467 178 341 40 3 640
252 52 484 133 357 369 407 49 393 223
748 39 317 252 446 484 52 746 43 133
355 96 365 184 413 403 250 325 262 268
371 232 11 469 665 582 508 745 187 559
181 302 442 84 440 164 22 71 108 344
16 388 432 295 303 417 418 151 752 384
529 323 593 150 457 60 572 630 537 128
497 581 382 209 539 792 97 190 54 444
292 157 515 137 115 218 514 336 600 568
607 404 493 433 769 749 68 712 392 92
718 666 361 717 147 343 134 679 172 83
397 787 245 760 537 125 572 638 20 128
694 151 752 474 122 275 213 337 193 178
7 793 587 389 466 774 329 781 364 173
48 217 316 491 104 224 69 703 219 2
246 627 790 603 588 695 305 634 286 466
130 321 598 393 223 618 269 664 735 383
54 282 312 698 775 189 534 444 97 690
347 696 742 210 441 785 714 94 713 31
687 127 768 589 264 57 141 106 411 378
774 781 793 329 459 389 680 7 587 364
178 707 341 79 616 445 50 3 119 525
129 777 480 189 97 534 444 264 687 141
665 745 508 371 11 232 582 449 559 491
373 494 304 113 356 269 223 141 383 411
265 498 381 672 235 499 80 145 402 697
270 239 350 500 242 288 512 523 474 76
706 545 278 610 320 796 650 298 583 574
458 151 752 694 122 275 213 428 178 50
225 591 47 669 186 438 182 705 794 399
229 200 601 191 299 207 614 690 256 18
105 165 574 65 424 583 298 796 706 473
311 743 505 8 422 167 289 285 53 594
123 642 175 64 9 168 349 542 531 140
777 129 468 189 97 534 444 687 744 768
775 599 427 674 639 764 377 319 435 779
786 13 370 544 570 555 26 33 590 584
14 276 274 144 632 259 93 435 414 540
252 52 446 133 357 369 393 189 223 623
121 600 375 704 251 772 336 115 568 201
567 294 733 387 423 429 765 66 324 776
532 755 409 405 780 99 761 362 691 401
646 403 184 55 262 325 250 268 355 96
425 522 322 495 340 612 700 380 189 97
736 142 653 147 172 717 361 83 718 679
48 316 217 224 460 528 219 379 104 69
230 533 0 430 633 480 468 436 129 393
607 404 455 433 712 649 392 398 199 397
470 373 356 113 304 682 411 553 589 127
522 489 612 425 322 340 700 784 380 779
750 661 688 171 158 203 291 709 332 623
453 581 539 792 209 382 463 190 282 54
471 265 381 672 235 499 80 402 145 697
672 235 265 471 381 498 697 628 80 145
239 288 242 270 350 512 472 523 731 474
564 751 576 585 431 293 368 335 188 215
385 718 679 757 666 172 343 547 456 134
131 273 578 732 597 247 549 81 677 726
580 737 406 726 677 81 592 578 280 597
285 8 53 167 374 594 289 77 743 422
212 135 637 126 198 220 561 193 24 398
38 757 636 645 396 162 420 408 263 361
469 665 232 745 371 11 582 449 507 559
35 206 159 386 434 348 349 168 479 643
625 551 263 559 255 629 673 439 778 676
729 552 654 82 384 334 122 702 752 216
239 288 500 523 472 270 350 242 275 731
399 315 185 63 202 117 45 438 475 47
218 115 375 568 704 201 692 336 251 772
137 292 157 454 336 600 296 568 115 121
205 19 376 25 444 189 534 328 548 97
214 398 723 561 749 392 269 735 393 618
12 684 643 333 123 64 479 175 642 349
164 344 110 108 71 84 440 442 727 450
731 330 76 275 428 213 474 270 242 350
179 342 98 426 318 556 44 546 358 624
489 425 495 340 322 612 700 380 426 784
288 239 512 500 472 270 350 242 275 290
169 208 260 226 120 608 770 88 701 728
3 586 228 640 683 10 119 40 797 562
297 37 351 174 46 306 89 466 329 561
111 744 608 573 331 701 728 766 741 116
219 69 379 217 703 491 316 2 104 224
452 323 60 150 593 572 638 457 20 630
577 659 337 663 571 195 243 58 421 366
17 642 542 9 140 349 479 175 64 123
487 755 761 401 99 719 227 405 6 691
0 230 492 430 480 436 777 348 293 335
97 444 189 19 328 25 205 376 516 548
61 710 699 21 712 155 649 199 369 302
143 300 222 773 799 28 34 62 51 595
572 20 638 128 787 760 397 245 125 457
622 346 101 15 401 761 466 179 44 793
382 581 497 209 792 453 463 129 468 190
414 267 424 574 65 165 105 278 610 554
62 51 565 34 596 595 138 773 143 799
175 349 642 9 479 64 531 123 140 17
190 676 439 380 263 778 629 255 673 625
570 370 482 555 13 786 33 26 590 91
320 473 650 278 610 298 706 796 583 574
426 179 521 98 44 556 342 318 624 74
502 385 142 244 147 361 717 456 172 718
25 516 19 328 444 534 97 376 205 189
247 597 732 131 578 503 273 81 406 592
283 563 648 75 257 558 730 795 211 626
510 625 263 559 629 673 255 778 439 676
82 654 729 511 384 334 702 216 752 122
746 43 589 682 465 264 57 127 106 411
74 624 362 756 156 301 604 30 689 6
590 33 91 26 655 762 544 482 570 370
318 44 179 98 521 342 426 546 435 93
18 651 299 476 614 200 191 601 207 229
648 563 257 550 211 730 75 795 283 626
255 510 551 629 263 625 439 778 673 676
618 393 223 383 664 735 269 598 321 462
398 517 392 749 723 214 220 744 212 111
10 119 40 640 683 797 228 586 3 525
550 75 648 257 283 558 211 730 795 626
585 751 501 431 576 293 188 368 335 215
34 541 799 51 596 773 62 222 138 595
161 421 358 366 753 477 65 105 574 165
294 486 423 733 429 324 387 765 66 776
218 115 600 514 251 336 704 201 772 485
112 310 146 363 372 237 468 480 129 561
370 544 482 13 555 786 33 590 26 91
577 243 58 530 663 337 659 195 421 366
537 638 20 128 787 397 760 245 125 457
527 701 608 728 766 111 741 744 331 116
65 165 424 105 477 796 298 583 278 473
734 109 390 605 770 415 775 427 599 290
501 751 564 585 431 293 188 335 368 215
530 195 571 337 663 659 243 58 421 366
503 273 131 732 597 247 549 81 504 677
73 5 59 407 56 252 446 52 227 639
726 677 592 406 504 737 81 280 597 247
382 539 792 209 497 453 463 129 468 380
11 665 469 745 232 371 508 449 626 187
796 650 298 105 574 545 473 65 477 706
370 482 570 544 655 555 786 13 26 33
564 501 751 431 576 293 335 368 188 215
3 228 525 10 683 40 562 640 797 119
793 7 459 389 364 329 781 680 774 466
603 695 790 627 634 305 286 461 246 358
378 411 141 264 127 682 106 687 465 57
26 555 33 91 655 762 544 570 482 370
225 669 705 182 47 186 438 475 794 315
406 580 677 726 737 81 280 597 732 247
630 60 150 572 452 323 20 537 529 457
289 422 77 285 505 8 743 53 167 374
51 62 34 541 596 300 799 565 143 138
51 34 541 565 595 799 62 773 222 138
732 247 549 273 503 131 578 81 406 592
130 321 462 393 223 618 735 269 383 664
775 427 481 319 639 674 764 287 668 339
121 485 336 115 568 251 704 296 375 201
229 690 476 200 299 614 191 207 256 18
99 78 617 691 780 345 678 405 327 4
790 695 588 627 461 246 305 634 286 580
644 689 754 6 624 362 74 30 554 301
734 109 575 770 390 415 221 599 129 275
789 240 759 32 452 139 233 216 529 49
493 404 455 433 712 620 21 749 199 398
744 527 111 573 331 701 728 766 116 88
686 248 95 153 173 671 459 389 774 364
278 706 473 298 650 796 320 545 583 574
134 679 361 666 172 241 456 717 343 147
495 522 489 700 425 340 322 784 534 779
170 631 715 237 372 163 308 561 398 517
299 200 191 207 229 690 476 601 256 18
85 675 367 354 359 337 659 195 663 577
50 707 445 79 467 178 341 640 119 3
678 78 602 780 99 405 345 691 327 4
223 560 393 735 269 664 383 321 598 462
94 714 441 713 31 149 464 785 742 347
769 253 132 410 314 67 68 92 553 746
670 635 238 652 275 151 246 458 752 694
538 101 346 15 401 761 793 466 124 657
203 709 49 291 412 266 233 313 724 641
554 362 74 301 156 30 604 756 689 6
510 551 263 629 778 255 673 559 439 676
75 187 730 563 550 283 558 211 257 648
461 790 246 603 695 588 305 634 286 466
697 80 402 145 235 672 499 498 381 471
263 625 510 673 439 551 559 255 778 676
593 60 150 323 452 572 537 457 20 529
170 715 613 372 237 163 308 561 398 392
274 259 144 276 14 483 389 793 459 93
436 430 192 368 335 215 293 576 188 492
286 588 695 790 305 603 627 461 246 580
652 621 238 670 286 461 246 634 588 406
757 408 162 507 396 38 420 645 361 172
135 212 506 126 198 220 193 24 561 120
20 572 537 128 787 760 397 245 125 457
764 287 261 338 319 668 339 674 775 506
119 562 10 797 683 40 228 586 525 3
233 271 709 266 49 623 313 203 291 158
9 479 123 175 64 349 542 168 140 531
12 333 518 684 123 479 64 642 175 168
604 689 754 6 362 624 301 156 74 554
396 162 420 507 636 38 408 757 255 625
325 488 268 55 184 262 250 403 355 96
235 402 145 80 628 697 672 499 498 471
550 563 558 283 257 795 75 211 730 626
712 199 155 21 699 61 302 626 535 643
320 545 610 278 473 706 796 298 583 574
18 256 690 601 207 229 476 299 191 614
635 670 238 621 246 461 791 286 634 694
142 490 736 147 172 717 679 361 718 134
384 334 552 82 729 511 702 122 752 151
26 33 590 555 762 91 544 370 570 482
783 722 721 152 102 249 658 443 196 258
124 148 136 782 90 114 277 543 190 480
166 249 258 196 102 152 443 656 721 194
663 530 337 195 577 243 571 58 421 366
177 711 17 531 139 349 642 542 479 643
750 688 496 158 171 332 709 203 623 724
391 154 309 681 758 352 771 107 236 229
659 195 530 577 243 337 571 58 366 421
393 223 269 383 618 735 321 560 462 598
469 745 508 11 582 371 232 449 559 507
343 456 361 718 172 679 134 611 147 241
307 27 416 87 216 702 42 100 1 552
339 319 287 764 639 261 338 775 368 335
705 47 591 225 438 182 475 186 794 185
238 652 621 635 246 694 458 634 275 91
173 153 95 609 686 248 459 7 587 793
499 235 265 471 381 498 697 628 80 145
263 629 510 625 551 559 255 439 778 676
377 217 224 2 316 460 69 219 48 703
85 359 354 615 367 337 577 191 151 593
190 543 263 380 439 629 255 673 778 559
726 580 406 592 81 504 280 737 247 597
78 617 602 780 405 345 99 691 4 327
134 361 717 172 147 343 611 666 718 456
329 781 793 466 364 7 774 389 459 587
154 758 309 771 352 107 391 662 236 229
411 589 264 106 141 378 127 57 465 687
40 797 10 562 640 586 119 3 525 228
518 333 12 643 349 123 64 642 479 175
284 767 139 93 435 642 9 175 479 64
609 248 95 153 671 173 389 459 364 774
465 768 57 127 589 264 141 378 411 106
661 496 750 158 332 709 171 623 291 203
754 644 6 604 624 362 30 554 74 301
207 191 601 614 299 200 256 229 476 18
780 327 4 405 99 602 345 617 78 678
336 514 772 704 115 197 600 375 218 568
725 120 740 118 193 23 24 126 220 198
458 752 151 122 474 275 213 337 178 193
790 603 588 627 286 634 305 461 246 580
210 464 347 441 742 785 713 714 149 31
628 80 402 145 672 235 499 471 381 498
463 312 54 282 136 189 657 557 507 690
712 21 649 155 199 535 61 253 250 189
340 612 522 322 489 425 495 380 784 97
728 766 573 29 116 88 608 527 744 111
42 27 87 307 216 1 667 416 100 386
69 2 219 379 217 528 460 224 104 48
375 251 772 485 514 121 115 568 336 692
669 47 591 225 438 182 475 185 186 315
473 610 298 278 796 650 545 320 583 574
467 178 341 79 445 616 50 3 525 228
763 720 86 176 788 791 597 732 726 247
623 291 203 313 49 266 412 724 661 641
535 61 649 712 699 155 21 199 380 620
177 660 168 9 175 542 531 349 140 642
649 21 199 155 699 61 535 302 626 181
785 149 210 696 94 619 714 441 742 31
441 619 696 94 210 464 713 347 742 785
631 170 237 163 372 613 308 561 398 392
784 779 395 70 798 791 738 36 580 726
361 172 147 679 134 456 83 343 611 666
456 147 666 679 134 361 343 172 717 385
761 401 753 366 421 577 337 161 571 566
176 708 763 86 788 791 597 732 726 503
783 194 722 656 152 443 166 258 658 249
656 721 783 194 152 443 166 658 258 249
517 749 214 398 392 561 130 598 321 462
203 709 623 291 49 661 412 496 266 160
693 23 740 24 120 193 118 220 126 331
677 580 592 406 504 81 737 280 597 732
108 442 344 71 84 519 440 164 110 181
701 766 116 29 573 88 608 527 744 111
511 552 384 82 654 334 702 752 122 151
187 626 558 550 257 75 648 283 563 795
520 76 330 275 428 213 242 474 151 350
597 247 549 273 503 131 578 81 406 592
423 486 567 765 294 429 387 66 324 776
575 109 605 390 770 415 599 775 427 431
269 223 393 383 618 664 321 598 130 560
490 142 653 172 147 718 361 679 385 717
406 592 81 504 580 280 726 677 732 597
36 409 798 254 784 70 290 716 592 395
41 272 281 72 191 476 200 747 207 601
725 118 120 693 193 24 23 126 220 198
766 29 573 331 88 527 701 116 728 608
347 464 441 696 210 785 714 94 713 149
289 8 374 594 167 505 422 77 285 53
111 608 527 331 573 701 728 766 116 88
469 665 11 232 508 582 371 449 491 559
553 43 682 106 589 378 264 411 57 141
72 234 231 281 437 191 601 229 739 41
447 39 317 484 252 52 446 746 43 133
398 517 392 561 723 214 198 741 220 237
496 661 688 203 332 171 158 709 623 724
564 501 585 576 431 293 188 368 335 215
151 122 458 694 474 275 337 213 193 24
161 366 421 358 566 477 105 65 574 165
689 644 604 6 362 624 30 156 74 554
532 487 780 74 691 139 602 767 362 426
156 301 554 30 74 624 362 604 644 689
636 507 396 408 38 420 162 645 134 385
771 352 107 309 681 154 662 391 236 299
32 240 789 606 233 139 452 49 313 389
787 397 125 245 638 20 537 128 572 457
401 719 477 105 753 366 337 421 577 165
91 590 33 555 26 655 544 570 482 370
708 720 86 176 788 791 597 732 726 247
287 639 261 319 338 668 339 674 775 506
387 733 486 567 294 423 776 324 66 429
29 701 728 88 116 741 573 608 527 331
284 685 139 435 93 642 601 9 479 690
687 57 465 106 378 264 141 589 411 127
620 68 92 253 132 410 67 314 553 746
734 109 575 605 390 122 458 415 775 599
352 107 758 681 309 154 662 391 236 229
375 336 704 115 197 485 121 568 251 692
34 799 565 541 536 51 143 222 62 596
466 781 389 459 793 7 329 364 680 587
599 481 427 674 639 764 189 534 287 444
66 324 567 294 733 765 486 423 387 429
480 129 468 189 97 687 534 465 444 744
255 625 510 263 439 559 629 551 673 190
716 784 395 70 798 580 791 409 738 36
691 4 405 99 327 602 345 617 678 78
364 7 389 774 466 680 329 793 459 587
136 657 124 277 148 114 90 543 190 676
721 656 152 443 722 194 258 658 249 166
716 779 395 70 798 738 580 254 677 791
210 713 696 31 742 464 347 149 441 714
13 482 370 544 570 555 26 33 590 91
760 397 245 20 638 125 537 572 457 128
720 176 86 708 763 791 597 503 732 273
606 32 240 759 452 139 87 529 233 216
695 603 627 588 286 461 305 246 634 580
763 720 176 708 86 788 784 726 580 592
209 581 497 382 539 453 468 463 698 129
587 7 459 389 466 329 680 781 774 364
182 47 438 591 225 669 399 185 475 186
550 211 648 283 558 257 563 75 730 626
298 278 706 473 610 545 650 320 583 574
683 40 562 640 119 10 586 3 228 525
409 738 36 254 290 784 70 677 395 726
222 565 773 143 34 62 300 28 51 536
